dt = 0.000001
time_parts = 1633333
Proccesses : 21
That took 221.750626 seconds.
