dt = 0.000001
time_parts = 1633333
Proccesses : 26
That took 335.409079 seconds.
