dt = 0.000001
time_parts = 1633333
Proccesses : 5
That took 144.868118 seconds.
